667373
236451
64380
16168
15951
98878
229900
269346
58185
20363
73149
234311
20540
104759
69774
58861
67286
240327
15959
623121
231871
18115
69770
18974
26362
246256
236312
142980
74772
15216
12799
53416
66610
66469
19286
20308
73656
60440
81535
20555
625360
56489
15896
104156
110639
667370
140795
66775
17084
15039
214917
73827
18779
108116
68552
67041
16912
30955
432555
14190
67880
219131
327978
230099
210808
17454
66388
74030
19018
225845
12934
13170
11432
244183
319880
192198
70839
12259
27029
14991
14990
15950
22035
18207
20677
245867
67092
20305
226090
22259
51786
242681
215900
72244
14457
15958
228355
102791
668101
22693
20148
433904
434325
53885
16480
170744
16155
14469
60361
12802
17060
14245
381308
17857
67037
67824
622404
71782
13171
211228
20612
14605
15024
17118
81897
97998
72512
12399
240869
218215
54396
23833
170743
269799
17769
545384
15953
100702
70122
320534
75547
100040462
12289
230787
19128
70432
229534
26404
228094
433801
16574
75785
19271
79221
20286
99899
21897
213391
16922
66824
24070
17136
18634
215653
56457
330812
24051
20970
319278
80287
76051
13713
98365
14886
70882
15162
67016
72947
19063
110446
223666
11891
224014
57444
212503
12262
74048
68742
13805
67774
16180
57279
11886
19331
244853
56742
74734
56066
71934
214505
